(kicad_pcb (version 20171130) (host pcbnew 5.1.9)

  (general
    (thickness 1.6)
    (drawings 94)
    (tracks 1979)
    (zones 0)
    (modules 142)
    (nets 130)
  )

  (page A3)
  (title_block
    (title "Chimera BMS - MainBoard")
    (date 2021-03-29)
    (rev V3)
    (company "E-Agle TRT")
  )

  (layers
    (0 F.Cu signal)
    (31 B.Cu signal)
    (32 B.Adhes user)
    (33 F.Adhes user)
    (34 B.Paste user)
    (35 F.Paste user)
    (36 B.SilkS user)
    (37 F.SilkS user)
    (38 B.Mask user)
    (39 F.Mask user)
    (40 Dwgs.User user)
    (41 Cmts.User user)
    (42 Eco1.User user)
    (43 Eco2.User user)
    (44 Edge.Cuts user)
    (45 Margin user)
    (46 B.CrtYd user)
    (47 F.CrtYd user)
    (48 B.Fab user)
    (49 F.Fab user)
  )

  (setup
    (last_trace_width 0.25)
    (user_trace_width 0.2)
    (user_trace_width 0.25)
    (user_trace_width 0.5)
    (user_trace_width 1)
    (trace_clearance 0.2)
    (zone_clearance 0.25)
    (zone_45_only no)
    (trace_min 0.2)
    (via_size 0.8)
    (via_drill 0.4)
    (via_min_size 0.6)
    (via_min_drill 0.2)
    (user_via 0.6 0.3)
    (user_via 0.8 0.4)
    (user_via 1 0.5)
    (uvia_size 0.3)
    (uvia_drill 0.1)
    (uvias_allowed no)
    (uvia_min_size 0.2)
    (uvia_min_drill 0.1)
    (edge_width 0.2)
    (segment_width 0.5)
    (pcb_text_width 0.15)
    (pcb_text_size 1 1)
    (mod_edge_width 0.15)
    (mod_text_size 1 1)
    (mod_text_width 0.15)
    (pad_size 2 3.8)
    (pad_drill 0)
    (pad_to_mask_clearance 0)
    (aux_axis_origin 23.02 153.54)
    (grid_origin 264.8 90.4)
    (visible_elements 7FFFFF7F)
    (pcbplotparams
      (layerselection 0x3f1fc_ffffffff)
      (usegerberextensions false)
      (usegerberattributes true)
      (usegerberadvancedattributes false)
      (creategerberjobfile false)
      (excludeedgelayer true)
      (linewidth 0.100000)
      (plotframeref false)
      (viasonmask false)
      (mode 1)
      (useauxorigin false)
      (hpglpennumber 1)
      (hpglpenspeed 20)
      (hpglpendiameter 15.000000)
      (psnegative false)
      (psa4output false)
      (plotreference false)
      (plotvalue false)
      (plotinvisibletext false)
      (padsonsilk false)
      (subtractmaskfromsilk false)
      (outputformat 1)
      (mirror false)
      (drillshape 0)
      (scaleselection 1)
      (outputdirectory "output/gerber/"))
  )

  (net 0 "")
  (net 1 +3V3)
  (net 2 GND)
  (net 3 +5V)
  (net 4 /Current)
  (net 5 "Net-(C22-Pad1)")
  (net 6 "Net-(C23-Pad1)")
  (net 7 /HV/5VISO)
  (net 8 -BATT)
  (net 9 /HV/3V3ISO)
  (net 10 To_TSMS)
  (net 11 From_TSMS)
  (net 12 -TS)
  (net 13 +TS)
  (net 14 /isoSPI+)
  (net 15 /isoSPI-)
  (net 16 /SWDIO)
  (net 17 /SWCLK)
  (net 18 /RST)
  (net 19 +12V)
  (net 20 /CAN+)
  (net 21 /CAN-)
  (net 22 From_SD)
  (net 23 RESET_BUTTON)
  (net 24 INV_Enable)
  (net 25 BMS_LED)
  (net 26 IMD_LED)
  (net 27 RelayStat)
  (net 28 NRelayStat)
  (net 29 /CANS)
  (net 30 +BATT)
  (net 31 /SD_Status)
  (net 32 /Shutdown/~RESET)
  (net 33 /IMD_Fault)
  (net 34 /TS_ON)
  (net 35 /BMS_Fault)
  (net 36 "Net-(Q14-Pad1)")
  (net 37 /IBIAS)
  (net 38 /ICMP)
  (net 39 "Net-(R3-Pad2)")
  (net 40 "Net-(R5-Pad2)")
  (net 41 "Net-(R6-Pad2)")
  (net 42 /IMD)
  (net 43 "Net-(J3-Pad5)")
  (net 44 "Net-(R13-Pad2)")
  (net 45 /PC_Ended)
  (net 46 "Net-(R39-Pad1)")
  (net 47 "Net-(R41-Pad1)")
  (net 48 "Net-(R44-Pad2)")
  (net 49 "Net-(R46-Pad1)")
  (net 50 "Net-(R49-Pad2)")
  (net 51 /MOSI)
  (net 52 /MISO)
  (net 53 /SCK)
  (net 54 /6820)
  (net 55 /I+)
  (net 56 /I-)
  (net 57 /WC)
  (net 58 /SDCard)
  (net 59 /CD)
  (net 60 "Net-(U5-Pad21)")
  (net 61 "Net-(U5-Pad22)")
  (net 62 "Net-(U13-Pad14)")
  (net 63 "Net-(U13-Pad13)")
  (net 64 "Net-(U13-Pad11)")
  (net 65 /HV/TSV)
  (net 66 /HV/PackV)
  (net 67 "Net-(U18-Pad3)")
  (net 68 "Net-(J3-Pad6)")
  (net 69 "Net-(J3-Pad7)")
  (net 70 "Net-(U2-Pad2)")
  (net 71 "Net-(U5-Pad3)")
  (net 72 "Net-(U2-Pad5)")
  (net 73 "Net-(F2-Pad1)")
  (net 74 "Net-(F3-Pad2)")
  (net 75 /HV/~RST~_ADCA)
  (net 76 /Shutdown/1V5_REF)
  (net 77 /HV/1st_CELL_GND)
  (net 78 /HV/1st_CELL_5V)
  (net 79 /HV/PROM_5V)
  (net 80 "Net-(D8-Pad2)")
  (net 81 "Net-(DZ3-Pad1)")
  (net 82 "Net-(DZ4-Pad1)")
  (net 83 "Net-(DZ4-Pad2)")
  (net 84 "Net-(J2-Pad6)")
  (net 85 /HANDCART)
  (net 86 /HV/PROMINENT-)
  (net 87 /HV/PROMINENT+)
  (net 88 "Net-(Q17-Pad1)")
  (net 89 "Net-(Q18-Pad1)")
  (net 90 "Net-(Q19-Pad1)")
  (net 91 "Net-(Q20-Pad1)")
  (net 92 "Net-(R12-Pad1)")
  (net 93 "Net-(R55-Pad2)")
  (net 94 /RST_ADCB)
  (net 95 "Net-(R59-Pad2)")
  (net 96 /Shutdown/IMD_LATCHED)
  (net 97 /Shutdown/BMS_LATCHED)
  (net 98 "Net-(R64-Pad2)")
  (net 99 "Net-(R65-Pad2)")
  (net 100 "Net-(U13-Pad9)")
  (net 101 "Net-(U13-Pad2)")
  (net 102 "Net-(U13-Pad1)")
  (net 103 "Net-(U16-Pad15)")
  (net 104 "Net-(U16-Pad14)")
  (net 105 "Net-(U16-Pad13)")
  (net 106 "Net-(U16-Pad4)")
  (net 107 "Net-(U16-Pad3)")
  (net 108 "Net-(U16-Pad1)")
  (net 109 "Net-(U21-Pad5)")
  (net 110 "Net-(U21-Pad4)")
  (net 111 "Net-(U21-Pad3)")
  (net 112 "Net-(U21-Pad2)")
  (net 113 "Net-(U21-Pad1)")
  (net 114 "Net-(K1-Pad3)")
  (net 115 /Shutdown/R20_heatsink)
  (net 116 /RX)
  (net 117 /TX)
  (net 118 "Net-(R22-Pad1)")
  (net 119 "Net-(R18-Pad1)")
  (net 120 /ADC_RX)
  (net 121 "Net-(R19-Pad1)")
  (net 122 "Net-(R21-Pad2)")
  (net 123 /ADC_TX)
  (net 124 "Net-(R24-Pad1)")
  (net 125 "Net-(U3-Pad11)")
  (net 126 "Net-(U3-Pad5)")
  (net 127 "Net-(U3-Pad14)")
  (net 128 "Net-(U3-Pad2)")
  (net 129 "Net-(U3-Pad15)")

  (net_class Default "Questo è il gruppo di collegamenti predefinito"
    (clearance 0.2)
    (trace_width 0.25)
    (via_dia 0.8)
    (via_drill 0.4)
    (uvia_dia 0.3)
    (uvia_drill 0.1)
    (add_net +12V)
    (add_net +3V3)
    (add_net +5V)
    (add_net -BATT)
    (add_net /6820)
    (add_net /ADC_RX)
    (add_net /ADC_TX)
    (add_net /BMS_Fault)
    (add_net /CAN+)
    (add_net /CAN-)
    (add_net /CANS)
    (add_net /CD)
    (add_net /Current)
    (add_net /HANDCART)
    (add_net /HV/1st_CELL_5V)
    (add_net /HV/1st_CELL_GND)
    (add_net /HV/3V3ISO)
    (add_net /HV/5VISO)
    (add_net /HV/PROMINENT+)
    (add_net /HV/PROMINENT-)
    (add_net /HV/PROM_5V)
    (add_net /HV/PackV)
    (add_net /HV/TSV)
    (add_net /HV/~RST~_ADCA)
    (add_net /I+)
    (add_net /I-)
    (add_net /IBIAS)
    (add_net /ICMP)
    (add_net /IMD)
    (add_net /IMD_Fault)
    (add_net /MISO)
    (add_net /MOSI)
    (add_net /PC_Ended)
    (add_net /RST)
    (add_net /RST_ADCB)
    (add_net /RX)
    (add_net /SCK)
    (add_net /SDCard)
    (add_net /SD_Status)
    (add_net /SWCLK)
    (add_net /SWDIO)
    (add_net /Shutdown/1V5_REF)
    (add_net /Shutdown/BMS_LATCHED)
    (add_net /Shutdown/IMD_LATCHED)
    (add_net /Shutdown/R20_heatsink)
    (add_net /Shutdown/~RESET)
    (add_net /TS_ON)
    (add_net /TX)
    (add_net /WC)
    (add_net /isoSPI+)
    (add_net /isoSPI-)
    (add_net BMS_LED)
    (add_net From_SD)
    (add_net From_TSMS)
    (add_net GND)
    (add_net IMD_LED)
    (add_net INV_Enable)
    (add_net NRelayStat)
    (add_net "Net-(C22-Pad1)")
    (add_net "Net-(C23-Pad1)")
    (add_net "Net-(D8-Pad2)")
    (add_net "Net-(DZ3-Pad1)")
    (add_net "Net-(DZ4-Pad1)")
    (add_net "Net-(DZ4-Pad2)")
    (add_net "Net-(F2-Pad1)")
    (add_net "Net-(F3-Pad2)")
    (add_net "Net-(J2-Pad6)")
    (add_net "Net-(J3-Pad5)")
    (add_net "Net-(J3-Pad6)")
    (add_net "Net-(J3-Pad7)")
    (add_net "Net-(Q14-Pad1)")
    (add_net "Net-(Q17-Pad1)")
    (add_net "Net-(Q18-Pad1)")
    (add_net "Net-(Q19-Pad1)")
    (add_net "Net-(Q20-Pad1)")
    (add_net "Net-(R12-Pad1)")
    (add_net "Net-(R13-Pad2)")
    (add_net "Net-(R18-Pad1)")
    (add_net "Net-(R19-Pad1)")
    (add_net "Net-(R21-Pad2)")
    (add_net "Net-(R22-Pad1)")
    (add_net "Net-(R24-Pad1)")
    (add_net "Net-(R3-Pad2)")
    (add_net "Net-(R39-Pad1)")
    (add_net "Net-(R41-Pad1)")
    (add_net "Net-(R44-Pad2)")
    (add_net "Net-(R46-Pad1)")
    (add_net "Net-(R49-Pad2)")
    (add_net "Net-(R5-Pad2)")
    (add_net "Net-(R55-Pad2)")
    (add_net "Net-(R59-Pad2)")
    (add_net "Net-(R6-Pad2)")
    (add_net "Net-(R64-Pad2)")
    (add_net "Net-(R65-Pad2)")
    (add_net "Net-(U13-Pad1)")
    (add_net "Net-(U13-Pad11)")
    (add_net "Net-(U13-Pad13)")
    (add_net "Net-(U13-Pad14)")
    (add_net "Net-(U13-Pad2)")
    (add_net "Net-(U13-Pad9)")
    (add_net "Net-(U16-Pad1)")
    (add_net "Net-(U16-Pad13)")
    (add_net "Net-(U16-Pad14)")
    (add_net "Net-(U16-Pad15)")
    (add_net "Net-(U16-Pad3)")
    (add_net "Net-(U16-Pad4)")
    (add_net "Net-(U18-Pad3)")
    (add_net "Net-(U2-Pad2)")
    (add_net "Net-(U2-Pad5)")
    (add_net "Net-(U21-Pad1)")
    (add_net "Net-(U21-Pad2)")
    (add_net "Net-(U21-Pad3)")
    (add_net "Net-(U21-Pad4)")
    (add_net "Net-(U21-Pad5)")
    (add_net "Net-(U3-Pad11)")
    (add_net "Net-(U3-Pad14)")
    (add_net "Net-(U3-Pad15)")
    (add_net "Net-(U3-Pad2)")
    (add_net "Net-(U3-Pad5)")
    (add_net "Net-(U5-Pad21)")
    (add_net "Net-(U5-Pad22)")
    (add_net "Net-(U5-Pad3)")
    (add_net RESET_BUTTON)
    (add_net RelayStat)
    (add_net To_TSMS)
  )

  (net_class HV ""
    (clearance 1.5)
    (trace_width 0.25)
    (via_dia 0.8)
    (via_drill 0.4)
    (uvia_dia 0.3)
    (uvia_drill 0.1)
    (add_net +BATT)
    (add_net +TS)
    (add_net -TS)
    (add_net "Net-(K1-Pad3)")
  )

  (module MountingHole:MountingHole_4.3mm_M4 (layer F.Cu) (tedit 5B1A4E77) (tstamp 60661F63)
    (at 264.8 140.4)
    (descr "Mounting Hole 4.3mm, no annular, M4")
    (tags "mounting hole 4.3mm no annular m4")
    (attr virtual)
    (fp_text reference REF** (at 0 -5.3) (layer F.SilkS) hide
      (effects (font (size 1 1) (thickness 0.15)))
    )
    (fp_text value MountingHole_4.3mm_M4 (at 0 5.3) (layer F.Fab) hide
      (effects (font (size 1 1) (thickness 0.15)))
    )
    (fp_circle (center 0 0) (end 4.55 0) (layer F.CrtYd) (width 0.05))
    (fp_circle (center 0 0) (end 4.3 0) (layer Cmts.User) (width 0.15))
    (fp_text user %R (at 0.3 0) (layer F.Fab) hide
      (effects (font (size 1 1) (thickness 0.15)))
    )
    (pad 1 np_thru_hole circle (at 0 0) (size 4.3 4.3) (drill 4.3) (layers *.Cu *.Mask))
  )

  (module MainBoard:MSOP-8_and_TSOT-23-8 (layer F.Cu) (tedit 6064F407) (tstamp 6066372D)
    (at 261.7 119.9 270)
    (path /5B50ED38/5B56F8BB)
    (attr smd)
    (fp_text reference U15 (at 2.34 -0.12) (layer F.SilkS)
      (effects (font (size 1 1) (thickness 0.15)))
    )
    (fp_text value LTC6259 (at 0 0 90) (layer F.Fab)
      (effects (font (size 1 1) (thickness 0.15)))
    )
    (fp_line (start -1.65 1.65) (end -1.65 -1.65) (layer F.CrtYd) (width 0.05))
    (fp_line (start 1.65 1.65) (end -1.65 1.65) (layer F.CrtYd) (width 0.05))
    (fp_line (start 1.65 -1.65) (end 1.65 1.65) (layer F.CrtYd) (width 0.05))
    (fp_line (start -1.65 -1.65) (end 1.65 -1.65) (layer F.CrtYd) (width 0.05))
    (fp_line (start 1.485 1.499999) (end -0.685 1.499999) (layer F.SilkS) (width 0.15))
    (fp_line (start 1.485 -1.499999) (end 1.485 1.499999) (layer F.SilkS) (width 0.15))
    (fp_line (start -1.485 -1.499999) (end 1.485 -1.499999) (layer F.SilkS) (width 0.15))
    (fp_line (start -1.485 0.699999) (end -1.485 -1.499999) (layer F.SilkS) (width 0.15))
    (fp_line (start -0.685 1.499999) (end -1.485 0.699999) (layer F.SilkS) (width 0.15))
    (pad 4 smd rect (at 0.975 1.6 270) (size 0.42 1.8) (layers F.Cu F.Paste F.Mask)
      (net 8 -BATT))
    (pad 5 smd rect (at 0.975 -1.6 270) (size 0.42 1.8) (layers F.Cu F.Paste F.Mask)
      (net 47 "Net-(R41-Pad1)"))
    (pad 3 smd rect (at 0.325 1.6 270) (size 0.42 1.8) (layers F.Cu F.Paste F.Mask)
      (net 46 "Net-(R39-Pad1)"))
    (pad 6 smd rect (at 0.325 -1.6 270) (size 0.42 1.8) (layers F.Cu F.Paste F.Mask)
      (net 65 /HV/TSV))
    (pad 2 smd rect (at -0.325 1.6 270) (size 0.42 1.8) (layers F.Cu F.Paste F.Mask)
      (net 66 /HV/PackV))
    (pad 7 smd rect (at -0.325 -1.6 270) (size 0.42 1.8) (layers F.Cu F.Paste F.Mask)
      (net 65 /HV/TSV))
    (pad 1 smd rect (at -0.975 1.6 270) (size 0.42 1.8) (layers F.Cu F.Paste F.Mask)
      (net 66 /HV/PackV))
    (pad 8 smd rect (at -0.975 -1.6 270) (size 0.42 1.8) (layers F.Cu F.Paste F.Mask)
      (net 7 /HV/5VISO))
  )

  (module MainBoard:SOIC-16 (layer F.Cu) (tedit 5AEB543A) (tstamp 606603A6)
    (at 237.22 119.34 90)
    (path /5B50ED38/60A92D55)
    (attr smd)
    (fp_text reference U3 (at -6.145 0) (layer F.SilkS)
      (effects (font (size 1 1) (thickness 0.15)))
    )
    (fp_text value Si8900 (at 0 0 90) (layer F.Fab)
      (effects (font (size 1 1) (thickness 0.15)))
    )
    (fp_line (start -5.3 3.9) (end -5.3 -3.9) (layer F.CrtYd) (width 0.05))
    (fp_line (start 5.3 3.9) (end -5.3 3.9) (layer F.CrtYd) (width 0.05))
    (fp_line (start 5.3 -3.9) (end 5.3 3.9) (layer F.CrtYd) (width 0.05))
    (fp_line (start -5.3 -3.9) (end 5.3 -3.9) (layer F.CrtYd) (width 0.05))
    (fp_line (start 5.145 3.75) (end -4.345 3.75) (layer F.SilkS) (width 0.15))
    (fp_line (start 5.145 -3.75) (end 5.145 3.75) (layer F.SilkS) (width 0.15))
    (fp_line (start -5.145 -3.75) (end 5.145 -3.75) (layer F.SilkS) (width 0.15))
    (fp_line (start -5.145 2.95) (end -5.145 -3.75) (layer F.SilkS) (width 0.15))
    (fp_line (start -4.345 3.75) (end -5.145 2.95) (layer F.SilkS) (width 0.15))
    (pad 8 smd rect (at 4.445 4.65 90) (size 0.6 2) (layers F.Cu F.Paste F.Mask)
      (net 8 -BATT))
    (pad 9 smd rect (at 4.445 -4.65 90) (size 0.6 2) (layers F.Cu F.Paste F.Mask)
      (net 2 GND))
    (pad 7 smd rect (at 3.175 4.65 90) (size 0.6 2) (layers F.Cu F.Paste F.Mask)
      (net 95 "Net-(R59-Pad2)"))
    (pad 10 smd rect (at 3.175 -4.65 90) (size 0.6 2) (layers F.Cu F.Paste F.Mask)
      (net 1 +3V3))
    (pad 6 smd rect (at 1.905 4.65 90) (size 0.6 2) (layers F.Cu F.Paste F.Mask)
      (net 75 /HV/~RST~_ADCA))
    (pad 11 smd rect (at 1.905 -4.65 90) (size 0.6 2) (layers F.Cu F.Paste F.Mask)
      (net 125 "Net-(U3-Pad11)"))
    (pad 5 smd rect (at 0.635 4.65 90) (size 0.6 2) (layers F.Cu F.Paste F.Mask)
      (net 126 "Net-(U3-Pad5)"))
    (pad 12 smd rect (at 0.635 -4.65 90) (size 0.6 2) (layers F.Cu F.Paste F.Mask)
      (net 122 "Net-(R21-Pad2)"))
    (pad 4 smd rect (at -0.635 4.65 90) (size 0.6 2) (layers F.Cu F.Paste F.Mask)
      (net 66 /HV/PackV))
    (pad 13 smd rect (at -0.635 -4.65 90) (size 0.6 2) (layers F.Cu F.Paste F.Mask)
      (net 121 "Net-(R19-Pad1)"))
    (pad 3 smd rect (at -1.905 4.65 90) (size 0.6 2) (layers F.Cu F.Paste F.Mask)
      (net 65 /HV/TSV))
    (pad 14 smd rect (at -1.905 -4.65 90) (size 0.6 2) (layers F.Cu F.Paste F.Mask)
      (net 127 "Net-(U3-Pad14)"))
    (pad 2 smd rect (at -3.175 4.65 90) (size 0.6 2) (layers F.Cu F.Paste F.Mask)
      (net 128 "Net-(U3-Pad2)"))
    (pad 15 smd rect (at -3.175 -4.65 90) (size 0.6 2) (layers F.Cu F.Paste F.Mask)
      (net 129 "Net-(U3-Pad15)"))
    (pad 1 smd rect (at -4.445 4.65 90) (size 0.6 2) (layers F.Cu F.Paste F.Mask)
      (net 9 /HV/3V3ISO))
    (pad 16 smd rect (at -4.445 -4.65 90) (size 0.6 2) (layers F.Cu F.Paste F.Mask)
      (net 1 +3V3))
  )

  (module Capacitor_SMD:C_0603_1608Metric (layer F.Cu) (tedit 5F68FEEE) (tstamp 6065E9CE)
    (at 161.42 120.24 180)
    (descr "Capacitor SMD 0603 (1608 Metric), square (rectangular) end terminal, IPC_7351 nominal, (Body size source: IPC-SM-782 page 76, https://www.pcb-3d.com/wordpress/wp-content/uploads/ipc-sm-782a_amendment_1_and_2.pdf), generated with kicad-footprint-generator")
    (tags capacitor)
    (path /6075CEA7)
    (attr smd)
    (fp_text reference C35 (at 0 -1.43) (layer F.SilkS)
      (effects (font (size 1 1) (thickness 0.15)))
    )
    (fp_text value 100n (at 0 1.43) (layer F.Fab)
      (effects (font (size 1 1) (thickness 0.15)))
    )
    (fp_line (start 1.48 0.73) (end -1.48 0.73) (layer F.CrtYd) (width 0.05))
    (fp_line (start 1.48 -0.73) (end 1.48 0.73) (layer F.CrtYd) (width 0.05))
    (fp_line (start -1.48 -0.73) (end 1.48 -0.73) (layer F.CrtYd) (width 0.05))
    (fp_line (start -1.48 0.73) (end -1.48 -0.73) (layer F.CrtYd) (width 0.05))
    (fp_line (start -0.14058 0.51) (end 0.14058 0.51) (layer F.SilkS) (width 0.12))
    (fp_line (start -0.14058 -0.51) (end 0.14058 -0.51) (layer F.SilkS) (width 0.12))
    (fp_line (start 0.8 0.4) (end -0.8 0.4) (layer F.Fab) (width 0.1))
    (fp_line (start 0.8 -0.4) (end 0.8 0.4) (layer F.Fab) (width 0.1))
    (fp_line (start -0.8 -0.4) (end 0.8 -0.4) (layer F.Fab) (width 0.1))
    (fp_line (start -0.8 0.4) (end -0.8 -0.4) (layer F.Fab) (width 0.1))
    (fp_text user %R (at 0 0) (layer F.Fab)
      (effects (font (size 0.4 0.4) (thickness 0.06)))
    )
    (pad 2 smd roundrect (at 0.775 0 180) (size 0.9 0.95) (layers F.Cu F.Paste F.Mask) (roundrect_rratio 0.25)
      (net 2 GND))
    (pad 1 smd roundrect (at -0.775 0 180) (size 0.9 0.95) (layers F.Cu F.Paste F.Mask) (roundrect_rratio 0.25)
      (net 23 RESET_BUTTON))
    (model ${KISYS3DMOD}/Capacitor_SMD.3dshapes/C_0603_1608Metric.wrl
      (at (xyz 0 0 0))
      (scale (xyz 1 1 1))
      (rotate (xyz 0 0 0))
    )
  )

  (module Capacitor_SMD:C_0603_1608Metric (layer B.Cu) (tedit 5F68FEEE) (tstamp 60625339)
    (at 157.75 114.5)
    (descr "Capacitor SMD 0603 (1608 Metric), square (rectangular) end terminal, IPC_7351 nominal, (Body size source: IPC-SM-782 page 76, https://www.pcb-3d.com/wordpress/wp-content/uploads/ipc-sm-782a_amendment_1_and_2.pdf), generated with kicad-footprint-generator")
    (tags capacitor)
    (path /5B045B0D/6045E313)
    (attr smd)
    (fp_text reference C30 (at 0 1.43) (layer B.SilkS)
      (effects (font (size 1 1) (thickness 0.15)) (justify mirror))
    )
    (fp_text value 100n (at 0 -1.43) (layer B.Fab)
      (effects (font (size 1 1) (thickness 0.15)) (justify mirror))
    )
    (fp_line (start 1.48 -0.73) (end -1.48 -0.73) (layer B.CrtYd) (width 0.05))
    (fp_line (start 1.48 0.73) (end 1.48 -0.73) (layer B.CrtYd) (width 0.05))
    (fp_line (start -1.48 0.73) (end 1.48 0.73) (layer B.CrtYd) (width 0.05))
    (fp_line (start -1.48 -0.73) (end -1.48 0.73) (layer B.CrtYd) (width 0.05))
    (fp_line (start -0.14058 -0.51) (end 0.14058 -0.51) (layer B.SilkS) (width 0.12))
    (fp_line (start -0.14058 0.51) (end 0.14058 0.51) (layer B.SilkS) (width 0.12))
    (fp_line (start 0.8 -0.4) (end -0.8 -0.4) (layer B.Fab) (width 0.1))
    (fp_line (start 0.8 0.4) (end 0.8 -0.4) (layer B.Fab) (width 0.1))
    (fp_line (start -0.8 0.4) (end 0.8 0.4) (layer B.Fab) (width 0.1))
    (fp_line (start -0.8 -0.4) (end -0.8 0.4) (layer B.Fab) (width 0.1))
    (fp_text user %R (at 0 0) (layer B.Fab)
      (effects (font (size 0.4 0.4) (thickness 0.06)) (justify mirror))
    )
    (pad 2 smd roundrect (at 0.775 0) (size 0.9 0.95) (layers B.Cu B.Paste B.Mask) (roundrect_rratio 0.25)
      (net 2 GND))
    (pad 1 smd roundrect (at -0.775 0) (size 0.9 0.95) (layers B.Cu B.Paste B.Mask) (roundrect_rratio 0.25)
      (net 19 +12V))
    (model ${KISYS3DMOD}/Capacitor_SMD.3dshapes/C_0603_1608Metric.wrl
      (at (xyz 0 0 0))
      (scale (xyz 1 1 1))
      (rotate (xyz 0 0 0))
    )
  )

  (module Capacitor_SMD:C_0603_1608Metric (layer B.Cu) (tedit 5F68FEEE) (tstamp 60625309)
    (at 157.75 107.25)
    (descr "Capacitor SMD 0603 (1608 Metric), square (rectangular) end terminal, IPC_7351 nominal, (Body size source: IPC-SM-782 page 76, https://www.pcb-3d.com/wordpress/wp-content/uploads/ipc-sm-782a_amendment_1_and_2.pdf), generated with kicad-footprint-generator")
    (tags capacitor)
    (path /5B045B0D/6069369E)
    (attr smd)
    (fp_text reference C29 (at 0 1.43) (layer B.SilkS)
      (effects (font (size 1 1) (thickness 0.15)) (justify mirror))
    )
    (fp_text value 100n (at 0 -1.43) (layer B.Fab)
      (effects (font (size 1 1) (thickness 0.15)) (justify mirror))
    )
    (fp_line (start 1.48 -0.73) (end -1.48 -0.73) (layer B.CrtYd) (width 0.05))
    (fp_line (start 1.48 0.73) (end 1.48 -0.73) (layer B.CrtYd) (width 0.05))
    (fp_line (start -1.48 0.73) (end 1.48 0.73) (layer B.CrtYd) (width 0.05))
    (fp_line (start -1.48 -0.73) (end -1.48 0.73) (layer B.CrtYd) (width 0.05))
    (fp_line (start -0.14058 -0.51) (end 0.14058 -0.51) (layer B.SilkS) (width 0.12))
    (fp_line (start -0.14058 0.51) (end 0.14058 0.51) (layer B.SilkS) (width 0.12))
    (fp_line (start 0.8 -0.4) (end -0.8 -0.4) (layer B.Fab) (width 0.1))
    (fp_line (start 0.8 0.4) (end 0.8 -0.4) (layer B.Fab) (width 0.1))
    (fp_line (start -0.8 0.4) (end 0.8 0.4) (layer B.Fab) (width 0.1))
    (fp_line (start -0.8 -0.4) (end -0.8 0.4) (layer B.Fab) (width 0.1))
    (fp_text user %R (at 0 0) (layer B.Fab)
      (effects (font (size 0.4 0.4) (thickness 0.06)) (justify mirror))
    )
    (pad 2 smd roundrect (at 0.775 0) (size 0.9 0.95) (layers B.Cu B.Paste B.Mask) (roundrect_rratio 0.25)
      (net 2 GND))
    (pad 1 smd roundrect (at -0.775 0) (size 0.9 0.95) (layers B.Cu B.Paste B.Mask) (roundrect_rratio 0.25)
      (net 19 +12V))
    (model ${KISYS3DMOD}/Capacitor_SMD.3dshapes/C_0603_1608Metric.wrl
      (at (xyz 0 0 0))
      (scale (xyz 1 1 1))
      (rotate (xyz 0 0 0))
    )
  )

  (module Capacitor_SMD:C_0603_1608Metric (layer F.Cu) (tedit 5F68FEEE) (tstamp 5B1A918A)
    (at 261.72 117.04 180)
    (descr "Capacitor SMD 0603 (1608 Metric), square (rectangular) end terminal, IPC_7351 nominal, (Body size source: IPC-SM-782 page 76, https://www.pcb-3d.com/wordpress/wp-content/uploads/ipc-sm-782a_amendment_1_and_2.pdf), generated with kicad-footprint-generator")
    (tags capacitor)
    (path /5B50ED38/5B56F9C7)
    (attr smd)
    (fp_text reference C28 (at -2.9 0) (layer F.SilkS)
      (effects (font (size 1 1) (thickness 0.15)))
    )
    (fp_text value 100n (at 0 1.43) (layer F.Fab)
      (effects (font (size 1 1) (thickness 0.15)))
    )
    (fp_line (start 1.48 0.73) (end -1.48 0.73) (layer F.CrtYd) (width 0.05))
    (fp_line (start 1.48 -0.73) (end 1.48 0.73) (layer F.CrtYd) (width 0.05))
    (fp_line (start -1.48 -0.73) (end 1.48 -0.73) (layer F.CrtYd) (width 0.05))
    (fp_line (start -1.48 0.73) (end -1.48 -0.73) (layer F.CrtYd) (width 0.05))
    (fp_line (start -0.14058 0.51) (end 0.14058 0.51) (layer F.SilkS) (width 0.12))
    (fp_line (start -0.14058 -0.51) (end 0.14058 -0.51) (layer F.SilkS) (width 0.12))
    (fp_line (start 0.8 0.4) (end -0.8 0.4) (layer F.Fab) (width 0.1))
    (fp_line (start 0.8 -0.4) (end 0.8 0.4) (layer F.Fab) (width 0.1))
    (fp_line (start -0.8 -0.4) (end 0.8 -0.4) (layer F.Fab) (width 0.1))
    (fp_line (start -0.8 0.4) (end -0.8 -0.4) (layer F.Fab) (width 0.1))
    (fp_text user %R (at 0 0) (layer F.Fab)
      (effects (font (size 0.4 0.4) (thickness 0.06)))
    )
    (pad 2 smd roundrect (at 0.775 0 180) (size 0.9 0.95) (layers F.Cu F.Paste F.Mask) (roundrect_rratio 0.25)
      (net 8 -BATT))
    (pad 1 smd roundrect (at -0.775 0 180) (size 0.9 0.95) (layers F.Cu F.Paste F.Mask) (roundrect_rratio 0.25)
      (net 7 /HV/5VISO))
    (model ${KISYS3DMOD}/Capacitor_SMD.3dshapes/C_0603_1608Metric.wrl
      (at (xyz 0 0 0))
      (scale (xyz 1 1 1))
      (rotate (xyz 0 0 0))
    )
  )

  (module Capacitor_SMD:C_0603_1608Metric (layer F.Cu) (tedit 5F68FEEE) (tstamp 60625672)
    (at 163.96 107.5 180)
    (descr "Capacitor SMD 0603 (1608 Metric), square (rectangular) end terminal, IPC_7351 nominal, (Body size source: IPC-SM-782 page 76, https://www.pcb-3d.com/wordpress/wp-content/uploads/ipc-sm-782a_amendment_1_and_2.pdf), generated with kicad-footprint-generator")
    (tags capacitor)
    (path /5B045B0D/60591BE0)
    (attr smd)
    (fp_text reference C27 (at 0 -1.43) (layer F.SilkS)
      (effects (font (size 1 1) (thickness 0.15)))
    )
    (fp_text value 100n (at 0 1.43) (layer F.Fab)
      (effects (font (size 1 1) (thickness 0.15)))
    )
    (fp_line (start 1.48 0.73) (end -1.48 0.73) (layer F.CrtYd) (width 0.05))
    (fp_line (start 1.48 -0.73) (end 1.48 0.73) (layer F.CrtYd) (width 0.05))
    (fp_line (start -1.48 -0.73) (end 1.48 -0.73) (layer F.CrtYd) (width 0.05))
    (fp_line (start -1.48 0.73) (end -1.48 -0.73) (layer F.CrtYd) (width 0.05))
    (fp_line (start -0.14058 0.51) (end 0.14058 0.51) (layer F.SilkS) (width 0.12))
    (fp_line (start -0.14058 -0.51) (end 0.14058 -0.51) (layer F.SilkS) (width 0.12))
    (fp_line (start 0.8 0.4) (end -0.8 0.4) (layer F.Fab) (width 0.1))
    (fp_line (start 0.8 -0.4) (end 0.8 0.4) (layer F.Fab) (width 0.1))
    (fp_line (start -0.8 -0.4) (end 0.8 -0.4) (layer F.Fab) (width 0.1))
    (fp_line (start -0.8 0.4) (end -0.8 -0.4) (layer F.Fab) (width 0.1))
    (fp_text user %R (at 0 0) (layer F.Fab)
      (effects (font (size 0.4 0.4) (thickness 0.06)))
    )
    (pad 2 smd roundrect (at 0.775 0 180) (size 0.9 0.95) (layers F.Cu F.Paste F.Mask) (roundrect_rratio 0.25)
      (net 2 GND))
    (pad 1 smd roundrect (at -0.775 0 180) (size 0.9 0.95) (layers F.Cu F.Paste F.Mask) (roundrect_rratio 0.25)
      (net 76 /Shutdown/1V5_REF))
    (model ${KISYS3DMOD}/Capacitor_SMD.3dshapes/C_0603_1608Metric.wrl
      (at (xyz 0 0 0))
      (scale (xyz 1 1 1))
      (rotate (xyz 0 0 0))
    )
  )

  (module Capacitor_SMD:C_0603_1608Metric (layer F.Cu) (tedit 5F68FEEE) (tstamp 6062DB09)
    (at 244.8 140.15 90)
    (descr "Capacitor SMD 0603 (1608 Metric), square (rectangular) end terminal, IPC_7351 nominal, (Body size source: IPC-SM-782 page 76, https://www.pcb-3d.com/wordpress/wp-content/uploads/ipc-sm-782a_amendment_1_and_2.pdf), generated with kicad-footprint-generator")
    (tags capacitor)
    (path /5B50ED38/5B56F97F)
    (attr smd)
    (fp_text reference C26 (at 0 -1.43 90) (layer F.SilkS)
      (effects (font (size 1 1) (thickness 0.15)))
    )
    (fp_text value 100n (at 0 1.43 90) (layer F.Fab)
      (effects (font (size 1 1) (thickness 0.15)))
    )
    (fp_line (start 1.48 0.73) (end -1.48 0.73) (layer F.CrtYd) (width 0.05))
    (fp_line (start 1.48 -0.73) (end 1.48 0.73) (layer F.CrtYd) (width 0.05))
    (fp_line (start -1.48 -0.73) (end 1.48 -0.73) (layer F.CrtYd) (width 0.05))
    (fp_line (start -1.48 0.73) (end -1.48 -0.73) (layer F.CrtYd) (width 0.05))
    (fp_line (start -0.14058 0.51) (end 0.14058 0.51) (layer F.SilkS) (width 0.12))
    (fp_line (start -0.14058 -0.51) (end 0.14058 -0.51) (layer F.SilkS) (width 0.12))
    (fp_line (start 0.8 0.4) (end -0.8 0.4) (layer F.Fab) (width 0.1))
    (fp_line (start 0.8 -0.4) (end 0.8 0.4) (layer F.Fab) (width 0.1))
    (fp_line (start -0.8 -0.4) (end 0.8 -0.4) (layer F.Fab) (width 0.1))
    (fp_line (start -0.8 0.4) (end -0.8 -0.4) (layer F.Fab) (width 0.1))
    (fp_text user %R (at 0 0 90) (layer F.Fab)
      (effects (font (size 0.4 0.4) (thickness 0.06)))
    )
    (pad 2 smd roundrect (at 0.775 0 90) (size 0.9 0.95) (layers F.Cu F.Paste F.Mask) (roundrect_rratio 0.25)
      (net 8 -BATT))
    (pad 1 smd roundrect (at -0.775 0 90) (size 0.9 0.95) (layers F.Cu F.Paste F.Mask) (roundrect_rratio 0.25)
      (net 7 /HV/5VISO))
    (model ${KISYS3DMOD}/Capacitor_SMD.3dshapes/C_0603_1608Metric.wrl
      (at (xyz 0 0 0))
      (scale (xyz 1 1 1))
      (rotate (xyz 0 0 0))
    )
  )

  (module Capacitor_SMD:C_0603_1608Metric (layer F.Cu) (tedit 5F68FEEE) (tstamp 606444D1)
    (at 176.246 104.154)
    (descr "Capacitor SMD 0603 (1608 Metric), square (rectangular) end terminal, IPC_7351 nominal, (Body size source: IPC-SM-782 page 76, https://www.pcb-3d.com/wordpress/wp-content/uploads/ipc-sm-782a_amendment_1_and_2.pdf), generated with kicad-footprint-generator")
    (tags capacitor)
    (path /6065AB41)
    (attr smd)
    (fp_text reference C24 (at 0 -1.43) (layer F.SilkS)
      (effects (font (size 1 1) (thickness 0.15)))
    )
    (fp_text value 100n (at 0 1.43) (layer F.Fab)
      (effects (font (size 1 1) (thickness 0.15)))
    )
    (fp_line (start 1.48 0.73) (end -1.48 0.73) (layer F.CrtYd) (width 0.05))
    (fp_line (start 1.48 -0.73) (end 1.48 0.73) (layer F.CrtYd) (width 0.05))
    (fp_line (start -1.48 -0.73) (end 1.48 -0.73) (layer F.CrtYd) (width 0.05))
    (fp_line (start -1.48 0.73) (end -1.48 -0.73) (layer F.CrtYd) (width 0.05))
    (fp_line (start -0.14058 0.51) (end 0.14058 0.51) (layer F.SilkS) (width 0.12))
    (fp_line (start -0.14058 -0.51) (end 0.14058 -0.51) (layer F.SilkS) (width 0.12))
    (fp_line (start 0.8 0.4) (end -0.8 0.4) (layer F.Fab) (width 0.1))
    (fp_line (start 0.8 -0.4) (end 0.8 0.4) (layer F.Fab) (width 0.1))
    (fp_line (start -0.8 -0.4) (end 0.8 -0.4) (layer F.Fab) (width 0.1))
    (fp_line (start -0.8 0.4) (end -0.8 -0.4) (layer F.Fab) (width 0.1))
    (fp_text user %R (at 0 0) (layer F.Fab)
      (effects (font (size 0.4 0.4) (thickness 0.06)))
    )
    (pad 2 smd roundrect (at 0.775 0) (size 0.9 0.95) (layers F.Cu F.Paste F.Mask) (roundrect_rratio 0.25)
      (net 2 GND))
    (pad 1 smd roundrect (at -0.775 0) (size 0.9 0.95) (layers F.Cu F.Paste F.Mask) (roundrect_rratio 0.25)
      (net 18 /RST))
    (model ${KISYS3DMOD}/Capacitor_SMD.3dshapes/C_0603_1608Metric.wrl
      (at (xyz 0 0 0))
      (scale (xyz 1 1 1))
      (rotate (xyz 0 0 0))
    )
  )

  (module Capacitor_SMD:C_0603_1608Metric (layer B.Cu) (tedit 5F68FEEE) (tstamp 5B1ED17B)
    (at 67.07 107.6 90)
    (descr "Capacitor SMD 0603 (1608 Metric), square (rectangular) end terminal, IPC_7351 nominal, (Body size source: IPC-SM-782 page 76, https://www.pcb-3d.com/wordpress/wp-content/uploads/ipc-sm-782a_amendment_1_and_2.pdf), generated with kicad-footprint-generator")
    (tags capacitor)
    (path /5B163079)
    (attr smd)
    (fp_text reference C22 (at 0 1.43 90) (layer B.SilkS)
      (effects (font (size 1 1) (thickness 0.15)) (justify mirror))
    )
    (fp_text value 100n (at 0 -1.43 90) (layer B.Fab)
      (effects (font (size 1 1) (thickness 0.15)) (justify mirror))
    )
    (fp_line (start 1.48 -0.73) (end -1.48 -0.73) (layer B.CrtYd) (width 0.05))
    (fp_line (start 1.48 0.73) (end 1.48 -0.73) (layer B.CrtYd) (width 0.05))
    (fp_line (start -1.48 0.73) (end 1.48 0.73) (layer B.CrtYd) (width 0.05))
    (fp_line (start -1.48 -0.73) (end -1.48 0.73) (layer B.CrtYd) (width 0.05))
    (fp_line (start -0.14058 -0.51) (end 0.14058 -0.51) (layer B.SilkS) (width 0.12))
    (fp_line (start -0.14058 0.51) (end 0.14058 0.51) (layer B.SilkS) (width 0.12))
    (fp_line (start 0.8 -0.4) (end -0.8 -0.4) (layer B.Fab) (width 0.1))
    (fp_line (start 0.8 0.4) (end 0.8 -0.4) (layer B.Fab) (width 0.1))
    (fp_line (start -0.8 0.4) (end 0.8 0.4) (layer B.Fab) (width 0.1))
    (fp_line (start -0.8 -0.4) (end -0.8 0.4) (layer B.Fab) (width 0.1))
    (fp_text user %R (at 0 0 90) (layer B.Fab)
      (effects (font (size 0.4 0.4) (thickness 0.06)) (justify mirror))
    )
    (pad 2 smd roundrect (at 0.775 0 90) (size 0.9 0.95) (layers B.Cu B.Paste B.Mask) (roundrect_rratio 0.25)
      (net 2 GND))
    (pad 1 smd roundrect (at -0.775 0 90) (size 0.9 0.95) (layers B.Cu B.Paste B.Mask) (roundrect_rratio 0.25)
      (net 5 "Net-(C22-Pad1)"))
    (model ${KISYS3DMOD}/Capacitor_SMD.3dshapes/C_0603_1608Metric.wrl
      (at (xyz 0 0 0))
      (scale (xyz 1 1 1))
      (rotate (xyz 0 0 0))
    )
  )

  (module Capacitor_SMD:C_0603_1608Metric (layer B.Cu) (tedit 5F68FEEE) (tstamp 5B1A9102)
    (at 69.61 107.6 90)
    (descr "Capacitor SMD 0603 (1608 Metric), square (rectangular) end terminal, IPC_7351 nominal, (Body size source: IPC-SM-782 page 76, https://www.pcb-3d.com/wordpress/wp-content/uploads/ipc-sm-782a_amendment_1_and_2.pdf), generated with kicad-footprint-generator")
    (tags capacitor)
    (path /5B22FE04)
    (attr smd)
    (fp_text reference C20 (at 0 1.43 90) (layer B.SilkS)
      (effects (font (size 1 1) (thickness 0.15)) (justify mirror))
    )
    (fp_text value 4.7n (at 0 -1.43 90) (layer B.Fab)
      (effects (font (size 1 1) (thickness 0.15)) (justify mirror))
    )
    (fp_line (start 1.48 -0.73) (end -1.48 -0.73) (layer B.CrtYd) (width 0.05))
    (fp_line (start 1.48 0.73) (end 1.48 -0.73) (layer B.CrtYd) (width 0.05))
    (fp_line (start -1.48 0.73) (end 1.48 0.73) (layer B.CrtYd) (width 0.05))
    (fp_line (start -1.48 -0.73) (end -1.48 0.73) (layer B.CrtYd) (width 0.05))
    (fp_line (start -0.14058 -0.51) (end 0.14058 -0.51) (layer B.SilkS) (width 0.12))
    (fp_line (start -0.14058 0.51) (end 0.14058 0.51) (layer B.SilkS) (width 0.12))
    (fp_line (start 0.8 -0.4) (end -0.8 -0.4) (layer B.Fab) (width 0.1))
    (fp_line (start 0.8 0.4) (end 0.8 -0.4) (layer B.Fab) (width 0.1))
    (fp_line (start -0.8 0.4) (end 0.8 0.4) (layer B.Fab) (width 0.1))
    (fp_line (start -0.8 -0.4) (end -0.8 0.4) (layer B.Fab) (width 0.1))
    (fp_text user %R (at 0 0 90) (layer B.Fab)
      (effects (font (size 0.4 0.4) (thickness 0.06)) (justify mirror))
    )
    (pad 2 smd roundrect (at 0.775 0 90) (size 0.9 0.95) (layers B.Cu B.Paste B.Mask) (roundrect_rratio 0.25)
      (net 2 GND))
    (pad 1 smd roundrect (at -0.775 0 90) (size 0.9 0.95) (layers B.Cu B.Paste B.Mask) (roundrect_rratio 0.25)
      (net 4 /Current))
    (model ${KISYS3DMOD}/Capacitor_SMD.3dshapes/C_0603_1608Metric.wrl
      (at (xyz 0 0 0))
      (scale (xyz 1 1 1))
      (rotate (xyz 0 0 0))
    )
  )

  (module Capacitor_SMD:C_0603_1608Metric (layer B.Cu) (tedit 5F68FEEE) (tstamp 6062548F)
    (at 165.75 114.5)
    (descr "Capacitor SMD 0603 (1608 Metric), square (rectangular) end terminal, IPC_7351 nominal, (Body size source: IPC-SM-782 page 76, https://www.pcb-3d.com/wordpress/wp-content/uploads/ipc-sm-782a_amendment_1_and_2.pdf), generated with kicad-footprint-generator")
    (tags capacitor)
    (path /5B045B0D/60542F99)
    (attr smd)
    (fp_text reference C19 (at 0 1.43) (layer B.SilkS)
      (effects (font (size 1 1) (thickness 0.15)) (justify mirror))
    )
    (fp_text value 100n (at 0 -1.43) (layer B.Fab)
      (effects (font (size 1 1) (thickness 0.15)) (justify mirror))
    )
    (fp_line (start 1.48 -0.73) (end -1.48 -0.73) (layer B.CrtYd) (width 0.05))
    (fp_line (start 1.48 0.73) (end 1.48 -0.73) (layer B.CrtYd) (width 0.05))
    (fp_line (start -1.48 0.73) (end 1.48 0.73) (layer B.CrtYd) (width 0.05))
    (fp_line (start -1.48 -0.73) (end -1.48 0.73) (layer B.CrtYd) (width 0.05))
    (fp_line (start -0.14058 -0.51) (end 0.14058 -0.51) (layer B.SilkS) (width 0.12))
    (fp_line (start -0.14058 0.51) (end 0.14058 0.51) (layer B.SilkS) (width 0.12))
    (fp_line (start 0.8 -0.4) (end -0.8 -0.4) (layer B.Fab) (width 0.1))
    (fp_line (start 0.8 0.4) (end 0.8 -0.4) (layer B.Fab) (width 0.1))
    (fp_line (start -0.8 0.4) (end 0.8 0.4) (layer B.Fab) (width 0.1))
    (fp_line (start -0.8 -0.4) (end -0.8 0.4) (layer B.Fab) (width 0.1))
    (fp_text user %R (at 0 0) (layer B.Fab)
      (effects (font (size 0.4 0.4) (thickness 0.06)) (justify mirror))
    )
    (pad 2 smd roundrect (at 0.775 0) (size 0.9 0.95) (layers B.Cu B.Paste B.Mask) (roundrect_rratio 0.25)
      (net 2 GND))
    (pad 1 smd roundrect (at -0.775 0) (size 0.9 0.95) (layers B.Cu B.Paste B.Mask) (roundrect_rratio 0.25)
      (net 19 +12V))
    (model ${KISYS3DMOD}/Capacitor_SMD.3dshapes/C_0603_1608Metric.wrl
      (at (xyz 0 0 0))
      (scale (xyz 1 1 1))
      (rotate (xyz 0 0 0))
    )
  )

  (module Capacitor_SMD:C_0603_1608Metric (layer B.Cu) (tedit 5F68FEEE) (tstamp 5B1A90E0)
    (at 72.15 107.6 90)
    (descr "Capacitor SMD 0603 (1608 Metric), square (rectangular) end terminal, IPC_7351 nominal, (Body size source: IPC-SM-782 page 76, https://www.pcb-3d.com/wordpress/wp-content/uploads/ipc-sm-782a_amendment_1_and_2.pdf), generated with kicad-footprint-generator")
    (tags capacitor)
    (path /5B18AF8F)
    (attr smd)
    (fp_text reference C18 (at 0 1.43 90) (layer B.SilkS)
      (effects (font (size 1 1) (thickness 0.15)) (justify mirror))
    )
    (fp_text value 100n (at 0 -1.43 90) (layer B.Fab)
      (effects (font (size 1 1) (thickness 0.15)) (justify mirror))
    )
    (fp_line (start 1.48 -0.73) (end -1.48 -0.73) (layer B.CrtYd) (width 0.05))
    (fp_line (start 1.48 0.73) (end 1.48 -0.73) (layer B.CrtYd) (width 0.05))
    (fp_line (start -1.48 0.73) (end 1.48 0.73) (layer B.CrtYd) (width 0.05))
    (fp_line (start -1.48 -0.73) (end -1.48 0.73) (layer B.CrtYd) (width 0.05))
    (fp_line (start -0.14058 -0.51) (end 0.14058 -0.51) (layer B.SilkS) (width 0.12))
    (fp_line (start -0.14058 0.51) (end 0.14058 0.51) (layer B.SilkS) (width 0.12))
    (fp_line (start 0.8 -0.4) (end -0.8 -0.4) (layer B.Fab) (width 0.1))
    (fp_line (start 0.8 0.4) (end 0.8 -0.4) (layer B.Fab) (width 0.1))
    (fp_line (start -0.8 0.4) (end 0.8 0.4) (layer B.Fab) (width 0.1))
    (fp_line (start -0.8 -0.4) (end -0.8 0.4) (layer B.Fab) (width 0.1))
    (fp_text user %R (at 0 0 90) (layer B.Fab)
      (effects (font (size 0.4 0.4) (thickness 0.06)) (justify mirror))
    )
    (pad 2 smd roundrect (at 0.775 0 90) (size 0.9 0.95) (layers B.Cu B.Paste B.Mask) (roundrect_rratio 0.25)
      (net 2 GND))
    (pad 1 smd roundrect (at -0.775 0 90) (size 0.9 0.95) (layers B.Cu B.Paste B.Mask) (roundrect_rratio 0.25)
      (net 3 +5V))
    (model ${KISYS3DMOD}/Capacitor_SMD.3dshapes/C_0603_1608Metric.wrl
      (at (xyz 0 0 0))
      (scale (xyz 1 1 1))
      (rotate (xyz 0 0 0))
    )
  )

  (module Capacitor_SMD:C_0603_1608Metric (layer B.Cu) (tedit 5F68FEEE) (tstamp 5B215D61)
    (at 77.9 128 180)
    (descr "Capacitor SMD 0603 (1608 Metric), square (rectangular) end terminal, IPC_7351 nominal, (Body size source: IPC-SM-782 page 76, https://www.pcb-3d.com/wordpress/wp-content/uploads/ipc-sm-782a_amendment_1_and_2.pdf), generated with kicad-footprint-generator")
    (tags capacitor)
    (path /5AFA1F74)
    (attr smd)
    (fp_text reference C17 (at 0 1.43) (layer B.SilkS)
      (effects (font (size 1 1) (thickness 0.15)) (justify mirror))
    )
    (fp_text value 100n (at 0 -1.43) (layer B.Fab)
      (effects (font (size 1 1) (thickness 0.15)) (justify mirror))
    )
    (fp_line (start 1.48 -0.73) (end -1.48 -0.73) (layer B.CrtYd) (width 0.05))
    (fp_line (start 1.48 0.73) (end 1.48 -0.73) (layer B.CrtYd) (width 0.05))
    (fp_line (start -1.48 0.73) (end 1.48 0.73) (layer B.CrtYd) (width 0.05))
    (fp_line (start -1.48 -0.73) (end -1.48 0.73) (layer B.CrtYd) (width 0.05))
    (fp_line (start -0.14058 -0.51) (end 0.14058 -0.51) (layer B.SilkS) (width 0.12))
    (fp_line (start -0.14058 0.51) (end 0.14058 0.51) (layer B.SilkS) (width 0.12))
    (fp_line (start 0.8 -0.4) (end -0.8 -0.4) (layer B.Fab) (width 0.1))
    (fp_line (start 0.8 0.4) (end 0.8 -0.4) (layer B.Fab) (width 0.1))
    (fp_line (start -0.8 0.4) (end 0.8 0.4) (layer B.Fab) (width 0.1))
    (fp_line (start -0.8 -0.4) (end -0.8 0.4) (layer B.Fab) (width 0.1))
    (fp_text user %R (at 0 0) (layer B.Fab)
      (effects (font (size 0.4 0.4) (thickness 0.06)) (justify mirror))
    )
    (pad 2 smd roundrect (at 0.775 0 180) (size 0.9 0.95) (layers B.Cu B.Paste B.Mask) (roundrect_rratio 0.25)
      (net 2 GND))
    (pad 1 smd roundrect (at -0.775 0 180) (size 0.9 0.95) (layers B.Cu B.Paste B.Mask) (roundrect_rratio 0.25)
      (net 3 +5V))
    (model ${KISYS3DMOD}/Capacitor_SMD.3dshapes/C_0603_1608Metric.wrl
      (at (xyz 0 0 0))
      (scale (xyz 1 1 1))
      (rotate (xyz 0 0 0))
    )
  )

  (module Capacitor_SMD:C_0603_1608Metric (layer F.Cu) (tedit 5F68FEEE) (tstamp 5B2B0D03)
    (at 227.92 115.195 90)
    (descr "Capacitor SMD 0603 (1608 Metric), square (rectangular) end terminal, IPC_7351 nominal, (Body size source: IPC-SM-782 page 76, https://www.pcb-3d.com/wordpress/wp-content/uploads/ipc-sm-782a_amendment_1_and_2.pdf), generated with kicad-footprint-generator")
    (tags capacitor)
    (path /5AFA1462)
    (attr smd)
    (fp_text reference C15 (at 0 -1.43 90) (layer F.SilkS)
      (effects (font (size 1 1) (thickness 0.15)))
    )
    (fp_text value 100n (at 0 1.43 90) (layer F.Fab)
      (effects (font (size 1 1) (thickness 0.15)))
    )
    (fp_line (start 1.48 0.73) (end -1.48 0.73) (layer F.CrtYd) (width 0.05))
    (fp_line (start 1.48 -0.73) (end 1.48 0.73) (layer F.CrtYd) (width 0.05))
    (fp_line (start -1.48 -0.73) (end 1.48 -0.73) (layer F.CrtYd) (width 0.05))
    (fp_line (start -1.48 0.73) (end -1.48 -0.73) (layer F.CrtYd) (width 0.05))
